{"data": [{"colorscale": [[0.0, "#440154"], [0.1111111111111111, "#482878"], [0.2222222222222222, "#3e4989"], [0.3333333333333333, "#31688e"], [0.4444444444444444, "#26828e"], [0.5555555555555556, "#1f9e89"], [0.6666666666666666, "#35b779"], [0.7777777777777778, "#6ece58"], [0.8888888888888888, "#b5de2b"], [1.0, "#fde725"]], "x": ["V1", "V2", "V3", "V4", "V5", "V6", "V7", "V8", "V9", "V10", "V11", "V12", "V13", "V14", "V15", "V16", "V17", "V18", "V19", "V20", "V21", "V22", "V23", "V24", "V25", "V26", "V27", "V28"], "y": ["V1", "V2", "V3", "V4", "V5", "V6", "V7", "V8", "V9", "V10", "V11", "V12", "V13", "V14", "V15", "V16", "V17", "V18", "V19", "V20", "V21", "V22", "V23", "V24", "V25", "V26", "V27", "V28"], "z": [[1.0, -0.00909139891445667, -0.005035612925307247, 0.003101977772507931, -0.00881688742783798, 0.004993376954211476, 0.011064694001155926, -0.002353304914259145, -0.0005440267712053849, -0.002441819580659163, 0.0006318134992533396, -0.0005557213780331086, 0.0011178839950554713, 0.0005609330767699667, 0.0011544700909565954, 0.0018508992215954508, -0.0003824022158334538, 0.0008825399954109835, -0.0012219335567215446, 0.00595557737942494, 0.0013268478098444586, -0.0023201047425651365, -0.005493979502781293, 0.0007411050339510816, -0.0021400174943962368, -0.000504902061565195, 0.003377855286594198, -0.001055802493064715], [-0.00909139891445667, 1.0, -0.008340319098504058, 0.005756734782710602, -0.012678569100194903, 0.006651531026784518, 0.016272580925852775, -0.0033628152415658154, -0.0008666001380756548, -0.00431610356474623, 0.0008821727865993964, -0.0005152547851186518, 0.0018655596232490187, 0.0016317624936612429, 0.001751289445601301, 0.0025581587161862315, -0.00024321317223154217, 0.001975249736176766, -0.0030212820420974134, 0.017155342848428838, 0.0047085710576654765, -0.005382090024232367, -0.011440594009756687, 0.0010441800785759541, -0.005100481898689615, -0.001571407342724914, 0.001803483623350178, 0.0009417220660169712], [-0.005035612925307247, -0.008340319098504058, 1.0, 0.0031215024543312752, -0.012784425480232427, 0.007785692300059465, 0.015690083816210662, -0.003405202012873627, -0.000728386931712997, -0.002746217061622824, 0.000909546343204313, -0.0011294604779863292, 0.0013135191487165803, -1.5934077360504338e-06, 0.0015797289111996102, 0.002736954847301171, -0.0008415379790457976, 0.000557374085587606, -0.00044329278059544665, 2.5210690763206994e-05, -0.0008736710488307125, -0.0012372416269005708, -0.004061728763964084, 0.0010528022747876946, -0.0009600974140190685, 0.00017745894833574643, 0.007830098832993865, -0.003998995181585452], [0.003101977772507931, 0.005756734782710602, 0.0031215024543312752, 1.0, 0.005355252490844916, -0.0030097871583688006, -0.006745294781254915, 0.001432063581506643, 0.0003266787207496956, 0.0015233073841993457, -0.0003802024776234484, 0.0003293538054922216, -0.0006962927775382995, -0.0003856803394109502, -0.0007092896925047768, -0.0011238174864417604, 0.0002222291043799355, -0.0005737567574104124, 0.0008109025552440386, -0.00402363917320103, -0.0009369525773239198, 0.001514310011312272, 0.0035282741604294077, -0.0004484804524467531, 0.0014082445362419117, 0.00035756879578099416, -0.0019180000628284215, 0.0005267146984154862], [-0.00881688742783798, -0.012678569100194903, -0.012784425480232427, 0.005355252490844916, 1.0, 0.019080506811321958, 0.03637011576195037, -0.008007030618308994, -0.0016445517158314427, -0.005296025212411933, 0.0021574259522355124, -0.0030860088791245747, 0.0026588019869685665, -0.0012140614931740077, 0.0035711890288248702, 0.006528578551639745, -0.0023967050194481465, 0.00028278278545578074, 0.000877438901302516, -0.012405896829873456, -0.006104122282402413, 0.00016096024975343812, -0.004024980582424999, 0.002487455367062329, 0.0008328195985810381, 0.001757640915870881, 0.02270006096296348, -0.012972159036375339], [0.004993376954211476, 0.006651531026784518, 0.007785692300059465, -0.0030097871583688006, 0.019080506811321958, 1.0, -0.022960997561820268, 0.005088037630975483, 0.001012360577271407, 0.0031072122140603483, -0.001385224194230645, 0.0020282277550881245, -0.0016096907162119764, 0.0010302878891218531, -0.0022362298011733323, -0.004179801602427469, 0.0016175469039454086, 5.736464883664053e-05, -0.0009378831313191084, 0.01054604070169683, 0.004749184489760075, -0.0007156087491736356, 0.0015107139701876417, -0.001578088215205157, -0.0011284969202861922, -0.0013505934846053593, -0.015377435312884546, 0.008996839131376057], [0.011064694001155926, 0.016272580925852775, 0.015690083816210662, -0.006745294781254915, 0.03637011576195037, -0.022960997561820268, 1.0, 0.009674205837593283, 0.002002534234938637, 0.006574976525695788, -0.002593419877775963, 0.0036820048780577767, -0.003266174367629126, 0.0012860928014135765, -0.004337611971711608, -0.00786162172434396, 0.0028335026155400333, -0.0004928062839953224, -0.0007941613094585273, 0.013196372192017674, 0.0067933807066968225, 0.00023413327768416275, 0.005572121075084853, -0.002993747846740775, -0.0005873821131514317, -0.0019419053764445995, -0.026791195772570452, 0.015168344578629495], [-0.002353304914259145, -0.0033628152415658154, -0.003405202012873627, 0.001432063581506643, -0.008007030618308994, 0.005088037630975483, 0.009674205837593283, 1.0, -0.00041824675684707936, -0.001387824208516872, 0.0005854138174260689, -0.000819913462223087, 0.0007233551290902691, -0.00034156466677876044, 0.0009530309117971212, 0.001766040712455825, -0.0006556811933427132, 6.232077102384839e-05, 0.00023449430066475573, -0.003508349429087396, -0.0016960908457543129, 5.742313312494294e-05, -0.0011401095802919933, 0.0006760314218359333, 0.00021509917353384635, 0.0004537906846368434, 0.006172880470573681, -0.0035126717295590896], [-0.0005440267712053849, -0.0008666001380756548, -0.000728386931712997, 0.0003266787207496956, -0.0016445517158314427, 0.001012360577271407, 0.002002534234938637, -0.00041824675684707936, 1.0, -0.0003402140563590731, 0.00010669973290321829, -0.0001479845497629051, 0.00013480152204005337, -2.286586069775737e-05, 0.00018766410089241076, 0.0003070405394880605, -9.4636117035369e-05, 5.584873897638782e-05, 2.951697041284846e-06, -0.00012846611647405855, -0.0001513448687198058, -8.459050333428537e-05, -0.0002588684243220091, 0.000121695636470733, -1.3497612960356681e-05, 8.366439908991016e-05, 0.0009735148190383727, -0.000548324328238845], [-0.002441819580659163, -0.00431610356474623, -0.002746217061622824, 0.0015233073841993457, -0.005296025212411933, 0.0031072122140603483, 0.006574976525695788, -0.001387824208516872, -0.0003402140563590731, 1.0, 0.0003507290118882393, -0.0004293538220215282, 0.0005714603207777101, 0.00018414179547970684, 0.0006713036570315995, 0.0010764445502183303, -0.00026944795079799657, 0.00038987747701914105, -0.0004195135883885045, 0.0018933176065039743, 0.0002593699394411113, -0.0009063555466891928, -0.002232173628015292, 0.00041451060398473407, -0.0007592771552859481, -5.817601687511709e-05, 0.0024873811045851854, -0.0011157259401185365], [0.0006318134992533396, 0.0008821727865993964, 0.000909546343204313, -0.0003802024776234484, 0.0021574259522355124, -0.001385224194230645, -0.002593419877775963, 0.0005854138174260689, 0.00010669973290321829, 0.0003507290118882393, 1.0, 0.00020097633858826385, -0.00020040055131388185, 0.00012068218317371203, -0.0002550792439450018, -0.0004971982700153181, 0.00018888399955804963, 7.662896379040828e-06, -7.469873960224063e-05, 0.001136912456581851, 0.0005229951812957344, -3.371125047805365e-05, 0.0003487334877000803, -0.00019200611419599824, -6.250135236284995e-05, -0.00011938627627029386, -0.001776777473683084, 0.0010009692893979876], [-0.0005557213780331086, -0.0005152547851186518, -0.0011294604779863292, 0.0003293538054922216, -0.0030860088791245747, 0.0020282277550881245, 0.0036820048780577767, -0.000819913462223087, -0.0001479845497629051, -0.0004293538220215282, 0.00020097633858826385, 1.0, 0.0002250279319154579, -0.0002293132302327924, 0.00035743143807877965, 0.0006798758255300803, -0.0002871809286758936, -6.944488442716323e-05, 0.00030143499293706276, -0.0025807846572285797, -0.0010452983023746453, 0.0003667298306616625, 0.0002501972411722978, 0.00024882771751995607, 0.00043525874019771047, 0.00033263096277601217, 0.0027458524994042216, -0.0017067741644131009], [0.0011178839950554713, 0.0018655596232490187, 0.0013135191487165803, -0.0006962927775382995, 0.0026588019869685665, -0.0016096907162119764, -0.003266174367629126, 0.0007233551290902691, 0.00013480152204005337, 0.0005714603207777101, -0.00020040055131388185, 0.0002250279319154579, 1.0, -4.086850590268381e-06, -0.00033185072041210016, -0.0005946047553801888, 0.0001835197391602627, -0.00012750174503155451, 0.00013069552807294126, -4.780952292002175e-05, 0.0001722948372119071, 0.00030456370465433157, 0.0010324376143067443, -0.0002376327094322849, 0.0002677050753669611, 2.7564784733277394e-06, -0.0016758714013080376, 0.0008195943929569479], [0.0005609330767699667, 0.0016317624936612429, -1.5934077360504338e-06, -0.0003856803394109502, -0.0012140614931740077, 0.0010302878891218531, 0.0012860928014135765, -0.00034156466677876044, -2.286586069775737e-05, 0.00018414179547970684, 0.00012068218317371203, -0.0002293132302327924, -4.086850590268381e-06, 1.0, 9.70159288483676e-05, 0.0003316909569873341, -0.0002497918663323341, -0.0003424527873811872, 0.0006287080191548429, -0.004672343006182029, -0.0016113531742837288, 0.0009651163719472461, 0.0014142158293073822, 0.0001224825923145867, 0.0009682551924915649, 0.00045299705245556, 0.0024527409851341163, -0.0017172424164583371], [0.0011544700909565954, 0.001751289445601301, 0.0015797289111996102, -0.0007092896925047768, 0.0035711890288248702, -0.0022362298011733323, -0.004337611971711608, 0.0009530309117971212, 0.00018766410089241076, 0.0006713036570315995, -0.0002550792439450018, 0.00035743143807877965, -0.00033185072041210016, 9.70159288483676e-05, 1.0, -0.0007873375049867111, 0.0002811594371943605, -7.75430665494955e-05, -3.536822423667927e-05, 0.0010482551118008296, 0.0005846806474650291, 8.370656770681527e-05, 0.0006842061534876051, -0.0002955708859467918, 1.4167878796661057e-05, -0.0001679499932139903, -0.002555105217343569, 0.0014195725802376646], [0.0018508992215954508, 0.0025581587161862315, 0.002736954847301171, -0.0011238174864417604, 0.006528578551639745, -0.004179801602427469, -0.00786162172434396, 0.001766040712455825, 0.0003070405394880605, 0.0010764445502183303, -0.0004971982700153181, 0.0006798758255300803, -0.0005946047553801888, 0.0003316909569873341, -0.0007873375049867111, 1.0, 0.0005725556300772494, 1.876706657623575e-06, -0.00024819375088864896, 0.003435541436064838, 0.0015706698001961147, -0.00015334480989233435, 0.0008882657019543356, -0.0005659577387116686, -0.00024180359293382266, -0.00039610232987103924, -0.005310707988229513, 0.0030309708182409975], [-0.0003824022158334538, -0.00024321317223154217, -0.0008415379790457976, 0.0002222291043799355, -0.0023967050194481465, 0.0016175469039454086, 0.0028335026155400333, -0.0006556811933427132, -9.4636117035369e-05, -0.00026944795079799657, 0.00018888399955804963, -0.0002871809286758936, 0.0001835197391602627, -0.0002497918663323341, 0.0002811594371943605, 0.0005725556300772494, 1.0, -9.857065810829263e-05, 0.0002772638644714249, -0.0026089384236486113, -0.00101796371279862, 0.0003641294858559847, 0.00018769036131331104, 0.00021527101788778002, 0.0003896136464926209, 0.00027201639061934306, 0.0024442792943897467, -0.001498971175750364], [0.0008825399954109835, 0.001975249736176766, 0.000557374085587606, -0.0005737567574104124, 0.00028278278545578074, 5.736464883664053e-05, -0.0004928062839953224, 6.232077102384839e-05, 5.584873897638782e-05, 0.00038987747701914105, 7.662896379040828e-06, -6.944488442716323e-05, -0.00012750174503155451, -0.0003424527873811872, -7.75430665494955e-05, 1.876706657623575e-06, -9.857065810829263e-05, 1.0, 0.0005117194008366103, -0.0034739171781190833, -0.001116758813815106, 0.0008295680749067222, 0.0014219859724117021, -1.9773030142033887e-05, 0.0007987777085689945, 0.00030147959058631255, 0.0011051107761452775, -0.0009092323169894421], [-0.0012219335567215446, -0.0030212820420974134, -0.00044329278059544665, 0.0008109025552440386, 0.000877438901302516, -0.0009378831313191084, -0.0007941613094585273, 0.00023449430066475573, 2.951697041284846e-06, -0.0004195135883885045, -7.469873960224063e-05, 0.00030143499293706276, 0.00013069552807294126, 0.0006287080191548429, -3.536822423667927e-05, -0.00024819375088864896, 0.0002772638644714249, 0.0005117194008366103, 1.0, 0.0065092025712480015, 0.002175969047774119, -0.0015073223730792647, -0.0025619937214120926, -7.286449210157955e-05, -0.0015252309450020543, -0.0006917228425051604, -0.002792053585403981, 0.002137640012843862], [0.00595557737942494, 0.017155342848428838, 2.5210690763206994e-05, -0.00402363917320103, -0.012405896829873456, 0.01054604070169683, 0.013196372192017674, -0.003508349429087396, -0.00012846611647405855, 0.0018933176065039743, 0.001136912456581851, -0.0025807846572285797, -4.780952292002175e-05, -0.004672343006182029, 0.0010482551118008296, 0.003435541436064838, -0.0026089384236486113, -0.0034739171781190833, 0.0065092025712480015, 1.0, -0.016660228117098417, 0.010083326338315053, 0.014918836082843301, 0.0012188535909275025, 0.010076864456549489, 0.004697026231508751, 0.02522693523972254, -0.01775305849162863], [0.0013268478098444586, 0.0047085710576654765, -0.0008736710488307125, -0.0009369525773239198, -0.006104122282402413, 0.004749184489760075, 0.0067933807066968225, -0.0016960908457543129, -0.0001513448687198058, 0.0002593699394411113, 0.0005229951812957344, -0.0010452983023746453, 0.0001722948372119071, -0.0016113531742837288, 0.0005846806474650291, 0.0015706698001961147, -0.00101796371279862, -0.001116758813815106, 0.002175969047774119, -0.016660228117098417, 1.0, 0.0032902713890617737, 0.004551117553576493, 0.0005709334064196887, 0.003330616667706129, 0.0016393110593264889, 0.009811058290560542, -0.00668617092176982], [-0.0023201047425651365, -0.005382090024232367, -0.0012372416269005708, 0.001514310011312272, 0.00016096024975343812, -0.0007156087491736356, 0.00023413327768416275, 5.742313312494294e-05, -8.459050333428537e-05, -0.0009063555466891928, -3.371125047805365e-05, 0.0003667298306616625, 0.00030456370465433157, 0.0009651163719472461, 8.370656770681527e-05, -0.00015334480989233435, 0.0003641294858559847, 0.0008295680749067222, -0.0015073223730792647, 0.010083326338315053, 0.0032902713890617737, 1.0, -0.0042234068112116056, -2.7377936136880703e-05, -0.0024069921911204937, -0.0010296573171968448, -0.0036364650699811465, 0.002937226699816587], [-0.005493979502781293, -0.011440594009756687, -0.004061728763964084, 0.0035282741604294077, -0.004024980582424999, 0.0015107139701876417, 0.005572121075084853, -0.0011401095802919933, -0.0002588684243220091, -0.002232173628015292, 0.0003487334877000803, 0.0002501972411722978, 0.0010324376143067443, 0.0014142158293073822, 0.0006842061534876051, 0.0008882657019543356, 0.00018769036131331104, 0.0014219859724117021, -0.0025619937214120926, 0.014918836082843301, 0.004551117553576493, -0.0042234068112116056, 1.0, 0.00041397240802606744, -0.0042555956153430595, -0.00167257516936058, -0.0023596818977594056, 0.0030069527314363007], [0.0007411050339510816, 0.0010441800785759541, 0.0010528022747876946, -0.0004484804524467531, 0.002487455367062329, -0.001578088215205157, -0.002993747846740775, 0.0006760314218359333, 0.000121695636470733, 0.00041451060398473407, -0.00019200611419599824, 0.00024882771751995607, -0.0002376327094322849, 0.0001224825923145867, -0.0002955708859467918, -0.0005659577387116686, 0.00021527101788778002, -1.9773030142033887e-05, -7.286449210157955e-05, 0.0012188535909275025, 0.0005709334064196887, -2.7377936136880703e-05, 0.00041397240802606744, 1.0, -6.409689640436526e-05, -0.00013943368274809401, -0.0020018497168330603, 0.0011260265949194822], [-0.0021400174943962368, -0.005100481898689615, -0.0009600974140190685, 0.0014082445362419117, 0.0008328195985810381, -0.0011284969202861922, -0.0005873821131514317, 0.00021509917353384635, -1.3497612960356681e-05, -0.0007592771552859481, -6.250135236284995e-05, 0.00043525874019771047, 0.0002677050753669611, 0.0009682551924915649, 1.4167878796661057e-05, -0.00024180359293382266, 0.0003896136464926209, 0.0007987777085689945, -0.0015252309450020543, 0.010076864456549489, 0.003330616667706129, -0.0024069921911204937, -0.0042555956153430595, -6.409689640436526e-05, 1.0, -0.0010881252901183025, -0.003952421612513452, 0.0031431598151704485], [-0.000504902061565195, -0.001571407342724914, 0.00017745894833574643, 0.00035756879578099416, 0.001757640915870881, -0.0013505934846053593, -0.0019419053764445995, 0.0004537906846368434, 8.366439908991016e-05, -5.817601687511709e-05, -0.00011938627627029386, 0.00033263096277601217, 2.7564784733277394e-06, 0.00045299705245556, -0.0001679499932139903, -0.00039610232987103924, 0.00027201639061934306, 0.00030147959058631255, -0.0006917228425051604, 0.004697026231508751, 0.0016393110593264889, -0.0010296573171968448, -0.00167257516936058, -0.00013943368274809401, -0.0010881252901183025, 1.0, -0.002630222006644153, 0.001890972117642193], [0.003377855286594198, 0.001803483623350178, 0.007830098832993865, -0.0019180000628284215, 0.02270006096296348, -0.015377435312884546, -0.026791195772570452, 0.006172880470573681, 0.0009735148190383727, 0.0024873811045851854, -0.001776777473683084, 0.0027458524994042216, -0.0016758714013080376, 0.0024527409851341163, -0.002555105217343569, -0.005310707988229513, 0.0024442792943897467, 0.0011051107761452775, -0.002792053585403981, 0.02522693523972254, 0.009811058290560542, -0.0036364650699811465, -0.0023596818977594056, -0.0020018497168330603, -0.003952421612513452, -0.002630222006644153, 1.0, 0.014340030895532275], [-0.001055802493064715, 0.0009417220660169712, -0.003998995181585452, 0.0005267146984154862, -0.012972159036375339, 0.008996839131376057, 0.015168344578629495, -0.0035126717295590896, -0.000548324328238845, -0.0011157259401185365, 0.0010009692893979876, -0.0017067741644131009, 0.0008195943929569479, -0.0017172424164583371, 0.0014195725802376646, 0.0030309708182409975, -0.001498971175750364, -0.0009092323169894421, 0.002137640012843862, -0.01775305849162863, -0.00668617092176982, 0.002937226699816587, 0.0030069527314363007, 0.0011260265949194822, 0.0031431598151704485, 0.001890972117642193, 0.014340030895532275, 1.0]], "type": "heatmap"}], "layout": {"template": {"data": {"histogram2dcontour": [{"type": "histogram2dcontour", "colorbar": {"outlinewidth": 0, "ticks": ""}, "colorscale": [[0.0, "#0d0887"], [0.1111111111111111, "#46039f"], [0.2222222222222222, "#7201a8"], [0.3333333333333333, "#9c179e"], [0.4444444444444444, "#bd3786"], [0.5555555555555556, "#d8576b"], [0.6666666666666666, "#ed7953"], [0.7777777777777778, "#fb9f3a"], [0.8888888888888888, "#fdca26"], [1.0, "#f0f921"]]}], "choropleth": [{"type": "choropleth", "colorbar": {"outlinewidth": 0, "ticks": ""}}], "histogram2d": [{"type": "histogram2d", "colorbar": {"outlinewidth": 0, "ticks": ""}, "colorscale": [[0.0, "#0d0887"], [0.1111111111111111, "#46039f"], [0.2222222222222222, "#7201a8"], [0.3333333333333333, "#9c179e"], [0.4444444444444444, "#bd3786"], [0.5555555555555556, "#d8576b"], [0.6666666666666666, "#ed7953"], [0.7777777777777778, "#fb9f3a"], [0.8888888888888888, "#fdca26"], [1.0, "#f0f921"]]}], "heatmap": [{"type": "heatmap", "colorbar": {"outlinewidth": 0, "ticks": ""}, "colorscale": [[0.0, "#0d0887"], [0.1111111111111111, "#46039f"], [0.2222222222222222, "#7201a8"], [0.3333333333333333, "#9c179e"], [0.4444444444444444, "#bd3786"], [0.5555555555555556, "#d8576b"], [0.6666666666666666, "#ed7953"], [0.7777777777777778, "#fb9f3a"], [0.8888888888888888, "#fdca26"], [1.0, "#f0f921"]]}], "heatmapgl": [{"type": "heatmapgl", "colorbar": {"outlinewidth": 0, "ticks": ""}, "colorscale": [[0.0, "#0d0887"], [0.1111111111111111, "#46039f"], [0.2222222222222222, "#7201a8"], [0.3333333333333333, "#9c179e"], [0.4444444444444444, "#bd3786"], [0.5555555555555556, "#d8576b"], [0.6666666666666666, "#ed7953"], [0.7777777777777778, "#fb9f3a"], [0.8888888888888888, "#fdca26"], [1.0, "#f0f921"]]}], "contourcarpet": [{"type": "contourcarpet", "colorbar": {"outlinewidth": 0, "ticks": ""}}], "contour": [{"type": "contour", "colorbar": {"outlinewidth": 0, "ticks": ""}, "colorscale": [[0.0, "#0d0887"], [0.1111111111111111, "#46039f"], [0.2222222222222222, "#7201a8"], [0.3333333333333333, "#9c179e"], [0.4444444444444444, "#bd3786"], [0.5555555555555556, "#d8576b"], [0.6666666666666666, "#ed7953"], [0.7777777777777778, "#fb9f3a"], [0.8888888888888888, "#fdca26"], [1.0, "#f0f921"]]}], "surface": [{"type": "surface", "colorbar": {"outlinewidth": 0, "ticks": ""}, "colorscale": [[0.0, "#0d0887"], [0.1111111111111111, "#46039f"], [0.2222222222222222, "#7201a8"], [0.3333333333333333, "#9c179e"], [0.4444444444444444, "#bd3786"], [0.5555555555555556, "#d8576b"], [0.6666666666666666, "#ed7953"], [0.7777777777777778, "#fb9f3a"], [0.8888888888888888, "#fdca26"], [1.0, "#f0f921"]]}], "mesh3d": [{"type": "mesh3d", "colorbar": {"outlinewidth": 0, "ticks": ""}}], "scatter": [{"fillpattern": {"fillmode": "overlay", "size": 10, "solidity": 0.2}, "type": "scatter"}], "parcoords": [{"type": "parcoords", "line": {"colorbar": {"outlinewidth": 0, "ticks": ""}}}], "scatterpolargl": [{"type": "scatterpolargl", "marker": {"colorbar": {"outlinewidth": 0, "ticks": ""}}}], "bar": [{"error_x": {"color": "#2a3f5f"}, "error_y": {"color": "#2a3f5f"}, "marker": {"line": {"color": "#E5ECF6", "width": 0.5}, "pattern": {"fillmode": "overlay", "size": 10, "solidity": 0.2}}, "type": "bar"}], "scattergeo": [{"type": "scattergeo", "marker": {"colorbar": {"outlinewidth": 0, "ticks": ""}}}], "scatterpolar": [{"type": "scatterpolar", "marker": {"colorbar": {"outlinewidth": 0, "ticks": ""}}}], "histogram": [{"marker": {"pattern": {"fillmode": "overlay", "size": 10, "solidity": 0.2}}, "type": "histogram"}], "scattergl": [{"type": "scattergl", "marker": {"colorbar": {"outlinewidth": 0, "ticks": ""}}}], "scatter3d": [{"type": "scatter3d", "line": {"colorbar": {"outlinewidth": 0, "ticks": ""}}, "marker": {"colorbar": {"outlinewidth": 0, "ticks": ""}}}], "scattermapbox": [{"type": "scattermapbox", "marker": {"colorbar": {"outlinewidth": 0, "ticks": ""}}}], "scatterternary": [{"type": "scatterternary", "marker": {"colorbar": {"outlinewidth": 0, "ticks": ""}}}], "scattercarpet": [{"type": "scattercarpet", "marker": {"colorbar": {"outlinewidth": 0, "ticks": ""}}}], "carpet": [{"aaxis": {"endlinecolor": "#2a3f5f", "gridcolor": "white", "linecolor": "white", "minorgridcolor": "white", "startlinecolor": "#2a3f5f"}, "baxis": {"endlinecolor": "#2a3f5f", "gridcolor": "white", "linecolor": "white", "minorgridcolor": "white", "startlinecolor": "#2a3f5f"}, "type": "carpet"}], "table": [{"cells": {"fill": {"color": "#EBF0F8"}, "line": {"color": "white"}}, "header": {"fill": {"color": "#C8D4E3"}, "line": {"color": "white"}}, "type": "table"}], "barpolar": [{"marker": {"line": {"color": "#E5ECF6", "width": 0.5}, "pattern": {"fillmode": "overlay", "size": 10, "solidity": 0.2}}, "type": "barpolar"}], "pie": [{"automargin": true, "type": "pie"}]}, "layout": {"autotypenumbers": "strict", "colorway": ["#636efa", "#EF553B", "#00cc96", "#ab63fa", "#FFA15A", "#19d3f3", "#FF6692", "#B6E880", "#FF97FF", "#FECB52"], "font": {"color": "#2a3f5f"}, "hovermode": "closest", "hoverlabel": {"align": "left"}, "paper_bgcolor": "white", "plot_bgcolor": "#E5ECF6", "polar": {"bgcolor": "#E5ECF6", "angularaxis": {"gridcolor": "white", "linecolor": "white", "ticks": ""}, "radialaxis": {"gridcolor": "white", "linecolor": "white", "ticks": ""}}, "ternary": {"bgcolor": "#E5ECF6", "aaxis": {"gridcolor": "white", "linecolor": "white", "ticks": ""}, "baxis": {"gridcolor": "white", "linecolor": "white", "ticks": ""}, "caxis": {"gridcolor": "white", "linecolor": "white", "ticks": ""}}, "coloraxis": {"colorbar": {"outlinewidth": 0, "ticks": ""}}, "colorscale": {"sequential": [[0.0, "#0d0887"], [0.1111111111111111, "#46039f"], [0.2222222222222222, "#7201a8"], [0.3333333333333333, "#9c179e"], [0.4444444444444444, "#bd3786"], [0.5555555555555556, "#d8576b"], [0.6666666666666666, "#ed7953"], [0.7777777777777778, "#fb9f3a"], [0.8888888888888888, "#fdca26"], [1.0, "#f0f921"]], "sequentialminus": [[0.0, "#0d0887"], [0.1111111111111111, "#46039f"], [0.2222222222222222, "#7201a8"], [0.3333333333333333, "#9c179e"], [0.4444444444444444, "#bd3786"], [0.5555555555555556, "#d8576b"], [0.6666666666666666, "#ed7953"], [0.7777777777777778, "#fb9f3a"], [0.8888888888888888, "#fdca26"], [1.0, "#f0f921"]], "diverging": [[0, "#8e0152"], [0.1, "#c51b7d"], [0.2, "#de77ae"], [0.3, "#f1b6da"], [0.4, "#fde0ef"], [0.5, "#f7f7f7"], [0.6, "#e6f5d0"], [0.7, "#b8e186"], [0.8, "#7fbc41"], [0.9, "#4d9221"], [1, "#276419"]]}, "xaxis": {"gridcolor": "white", "linecolor": "white", "ticks": "", "title": {"standoff": 15}, "zerolinecolor": "white", "automargin": true, "zerolinewidth": 2}, "yaxis": {"gridcolor": "white", "linecolor": "white", "ticks": "", "title": {"standoff": 15}, "zerolinecolor": "white", "automargin": true, "zerolinewidth": 2}, "scene": {"xaxis": {"backgroundcolor": "#E5ECF6", "gridcolor": "white", "linecolor": "white", "showbackground": true, "ticks": "", "zerolinecolor": "white", "gridwidth": 2}, "yaxis": {"backgroundcolor": "#E5ECF6", "gridcolor": "white", "linecolor": "white", "showbackground": true, "ticks": "", "zerolinecolor": "white", "gridwidth": 2}, "zaxis": {"backgroundcolor": "#E5ECF6", "gridcolor": "white", "linecolor": "white", "showbackground": true, "ticks": "", "zerolinecolor": "white", "gridwidth": 2}}, "shapedefaults": {"line": {"color": "#2a3f5f"}}, "annotationdefaults": {"arrowcolor": "#2a3f5f", "arrowhead": 0, "arrowwidth": 1}, "geo": {"bgcolor": "white", "landcolor": "#E5ECF6", "subunitcolor": "white", "showland": true, "showlakes": true, "lakecolor": "white"}, "title": {"x": 0.05}, "mapbox": {"style": "light"}}}}}